0 1 1
0 9 1
0 10 1
0 0 0
1 2 1
1 10 1
1 11 1
1 1 0
2 3 1
2 11 1
2 12 1
2 2 0
3 4 1
3 12 1
3 13 1
3 3 0
4 5 1
4 13 1
4 14 1
4 4 0
5 6 1
5 14 1
5 15 1
5 5 0
6 7 1
6 15 1
6 16 1
6 6 0
7 8 1
7 16 1
7 17 1
7 7 0
8 0 1
8 17 1
8 9 1
8 8 0
9 10 1
9 18 1
9 19 1
9 9 0
10 11 1
10 19 1
10 20 1
10 10 0
11 12 1
11 20 1
11 21 1
11 11 0
12 13 1
12 21 1
12 22 1
12 12 0
13 14 1
13 22 1
13 23 1
13 13 0
14 15 1
14 23 1
14 24 1
14 14 0
15 16 1
15 24 1
15 25 1
15 15 0
16 17 1
16 25 1
16 26 1
16 16 0
17 9 1
17 26 1
17 18 1
17 17 0
18 19 1
18 27 1
18 28 1
18 18 0
19 20 1
19 28 1
19 29 1
19 19 0
20 21 1
20 29 1
20 30 1
20 20 0
21 22 1
21 30 1
21 31 1
21 21 0
22 23 1
22 31 1
22 32 1
22 22 0
23 24 1
23 32 1
23 33 1
23 23 0
24 25 1
24 33 1
24 34 1
24 24 0
25 26 1
25 34 1
25 35 1
25 25 0
26 18 1
26 35 1
26 27 1
26 26 0
27 28 1
27 36 1
27 37 1
27 27 0
28 29 1
28 37 1
28 38 1
28 28 0
29 30 1
29 38 1
29 39 1
29 29 0
30 31 1
30 39 1
30 40 1
30 30 0
31 32 1
31 40 1
31 41 1
31 31 0
32 33 1
32 41 1
32 42 1
32 32 0
33 34 1
33 42 1
33 43 1
33 33 0
34 35 1
34 43 1
34 44 1
34 34 0
35 27 1
35 44 1
35 36 1
35 35 0
36 37 1
36 45 1
36 46 1
36 36 0
37 38 1
37 46 1
37 47 1
37 37 0
38 39 1
38 47 1
38 48 1
38 38 0
39 40 1
39 48 1
39 49 1
39 39 0
40 41 1
40 49 1
40 50 1
40 40 0
41 42 1
41 50 1
41 51 1
41 41 0
42 43 1
42 51 1
42 52 1
42 42 0
43 44 1
43 52 1
43 53 1
43 43 0
44 36 1
44 53 1
44 45 1
44 44 0
45 46 1
45 54 1
45 55 1
45 45 0
46 47 1
46 55 1
46 56 1
46 46 0
47 48 1
47 56 1
47 57 1
47 47 0
48 49 1
48 57 1
48 58 1
48 48 0
49 50 1
49 58 1
49 59 1
49 49 0
50 51 1
50 59 1
50 60 1
50 50 0
51 52 1
51 60 1
51 61 1
51 51 0
52 53 1
52 61 1
52 62 1
52 52 0
53 45 1
53 62 1
53 54 1
53 53 0
54 55 1
54 63 1
54 64 1
54 54 0
55 56 1
55 64 1
55 65 1
55 55 0
56 57 1
56 65 1
56 66 1
56 56 0
57 58 1
57 66 1
57 67 1
57 57 0
58 59 1
58 67 1
58 68 1
58 58 0
59 60 1
59 68 1
59 69 1
59 59 0
60 61 1
60 69 1
60 70 1
60 60 0
61 62 1
61 70 1
61 71 1
61 61 0
62 54 1
62 71 1
62 63 1
62 62 0
63 64 1
63 72 1
63 73 1
63 63 0
64 65 1
64 73 1
64 74 1
64 64 0
65 66 1
65 74 1
65 75 1
65 65 0
66 67 1
66 75 1
66 76 1
66 66 0
67 68 1
67 76 1
67 77 1
67 67 0
68 69 1
68 77 1
68 78 1
68 68 0
69 70 1
69 78 1
69 79 1
69 69 0
70 71 1
70 79 1
70 80 1
70 70 0
71 63 1
71 80 1
71 72 1
71 71 0
72 73 1
72 0 1
72 1 1
72 72 0
73 74 1
73 1 1
73 2 1
73 73 0
74 75 1
74 2 1
74 3 1
74 74 0
75 76 1
75 3 1
75 4 1
75 75 0
76 77 1
76 4 1
76 5 1
76 76 0
77 78 1
77 5 1
77 6 1
77 77 0
78 79 1
78 6 1
78 7 1
78 78 0
79 80 1
79 7 1
79 8 1
79 79 0
80 72 1
80 8 1
80 0 1
80 80 0
